---- Send Feature Report ----
  Len: 64
  61 00 00 00 00 00 00 00 00 00 00 00 00 00 00 00 00 00 00 00 00 00 00 00 00 00 00 00 00 00 00 00 00 00 00 00 00 00 00 00 00 00 00 00 00 00 00 00 00 00 00 00 00 00 00 00 00 00 00 00 00 00 00 00

---- Get Feature Report ----
  Len: 64
  61 00 12 04 78 12 88 6f d8 04 dd 00 80 32 00 00   00 00 00 00 00 00 10 08 10 08 f1 75 f0 00 00 00   30 20 1b 20 08 27 1c 46 00 00 00 26 94 14 41 36   31 32 c6 00 ff 03 d9 03 fb 02 50 02 00 00 00 00

  61 00 12 04 78 12 88 6f d8 04 dd 00 80 32 00 00   00 00 00 00 00 00 10 08 10 08 f1 7d f0 00 00 00   30 00 1b 00 00 27 10 cf 03 00 00 26 94 14 41 36   31 32 bd 00 00 00 00 00 f9 02 6a 02 00 00 00 00

---- Send Feature Report ----
  Len: 64
  b0 02 00 00 00 00 00 00 00 00 00 00 00 00 00 00 00 00 00 00 00 00 00 00 00 00 00 00 00 00 00 00 00 00 00 00 00 00 00 00 00 00 00 00 00 00 00 00 00 00 00 00 00 00 00 00 00 00 00 00 00 00 00 00

---- Get Feature Report ----
  Len: 64
  b0 00 34 03 4d 00 69 00 63 00 72 00 6f 00 63 00 68 00 69 00 70 00 20 00 54 00 65 00 63 00 68 00 6e 00 6f 00 6c 00 6f 00 67 00 79 00 20 00 49 00 6e 00 63 00 2e 00 d9 03 fb 02 50 02 00 00 00 00
